id	redshift	galex.FUV	galex.FUV_err	galex.NUV	galex.NUV_err	sdss.up	sdss.up_err	sdss.gp	sdss.gp_err	sdss.rp	sdss.rp_err	sdss.ip	sdss.ip_err	vista.vircam.Z	vista.vircam.Z_err	vista.vircam.Y	vista.vircam.Y_err	vista.vircam.J	vista.vircam.J_err	vista.vircam.H	vista.vircam.H_err	vista.vircam.Ks	vista.vircam.Ks_err
SPEC37	0.689	0.035667	0.006418	0.039361	0.004602	0.001077	0.000520	0.001678	0.000138	0.005816	0.000146	0.013099	0.000555	0.020941	0.000709	0.024253	0.001278	0.037624	0.001040	0.046794	0.002211	0.055359	0.002380
SPEC59	0.890	0.035667	0.006418	0.039361	0.004602	0.001672	0.000457	0.002942	0.000120	0.003866	0.000126	0.003633	0.000534	0.004988	0.000688	0.007534	0.001237	0.010323	0.001000	0.010146	0.002118	0.003023	0.002305
SPEC83	0.628	0.045564	0.007316	0.075669	0.006422	0.001386	0.000417	0.000940	0.000129	0.001505	0.000120	0.002584	0.000514	0.001078	0.000667	0.002502	0.001208	0.002808	0.000964	0.002267	0.002038	0.000846	0.002262
SPEC110	0.797	0.055183	0.007730	0.086662	0.006173	0.001337	0.000392	0.000884	0.000112	0.001390	0.000116	0.001582	0.000519	0.003244	0.000667	0.003897	0.001190	0.003296	0.000948	0.002813	0.002014	0.005435	0.002171
SPEC112	0.837	0.054916	0.008040	0.037847	0.004429	0.000789	0.000471	0.001028	0.000127	0.001781	0.000148	0.002581	0.000511	0.004453	0.000632	0.002476	0.001242	0.005327	0.001007	0.003911	0.002033	0.007298	0.002331
SPEC128	0.186	0.055183	0.007730	0.086662	0.006173	0.001031	0.000449	0.001393	0.000152	0.002562	0.000141	0.004386	0.000553	0.005416	0.000700	0.005635	0.001262	0.008344	0.001020	0.003204	0.002172	0.006360	0.002319
SPEC156	0.183	0.045564	0.007316	0.075669	0.006422	0.001589	0.000524	0.002778	0.000124	0.004627	0.000124	0.005419	0.000490	0.005148	0.000643	0.006747	0.001143	0.005883	0.000897	0.007328	0.001894	0.001925	0.002109
SPEC182	0.447	0.035667	0.006418	0.039361	0.004602	0.000652	0.000547	0.003030	0.000136	0.015144	0.000144	0.027555	0.000642	0.041791	0.000715	0.050561	0.001278	0.069610	0.001030	0.100342	0.002198	0.120906	0.002359
SPEC184	0.074	0.035667	0.006418	0.039361	0.004602	0.001672	0.000457	0.002942	0.000120	0.003866	0.000126	0.003633	0.000534	0.004988	0.000688	0.007534	0.001237	0.010323	0.001000	0.010146	0.002118	0.003023	0.002305
SPEC242	0.075	0.024597	0.005719	0.012646	0.002973	0.012007	0.000624	0.032317	0.000198	0.046090	0.000219	0.058712	0.000795	0.065942	0.000822	0.075960	0.001670	0.073511	0.001404	0.083698	0.002894	0.077131	0.003335
SPEC274	0.183	0.045564	0.007316	0.075669	0.006422	0.001589	0.000524	0.002778	0.000124	0.004627	0.000124	0.005419	0.000490	0.005148	0.000643	0.006747	0.001143	0.005883	0.000897	0.007328	0.001894	0.001925	0.002109
SPEC279	0.719	0.035667	0.006418	0.039361	0.004602	0.000926	0.000520	0.001911	0.000141	0.004170	0.000151	0.007826	0.000665	0.009393	0.000726	0.013889	0.001316	0.018282	0.001076	0.016757	0.002291	0.025490	0.002464
SPEC313	0.559	0.024597	0.005719	0.012646	0.002973	0.000942	0.000468	0.001482	0.000128	0.003474	0.000131	0.005848	0.000498	0.007427	0.000641	0.009266	0.001261	0.010348	0.001014	0.009659	0.002054	0.014310	0.002398
SPEC329	0.430	0.005638	0.002635	0.011241	0.003699	0.000536	0.000459	0.000438	0.000115	0.001323	0.000118	0.001678	0.000458	0.002688	0.000454	0.003641	0.000889	0.005292	0.000700	0.006798	0.001675	0.007213	0.001716
SPEC344	0.518	0.008491	0.003441	0.004115	0.001789	0.001313	0.000499	0.001163	0.000131	0.002117	0.000136	0.002197	0.000520	0.002490	0.000446	0.002037	0.000862	0.004612	0.000817	0.001276	0.001905	0.003164	0.001726
SPEC388	0.415	0.028667	0.006302	0.027643	0.003966	0.005108	0.000462	0.009978	0.000132	0.018139	0.000141	0.022208	0.000519	0.026126	0.000465	0.029307	0.000899	0.033946	0.000851	0.043284	0.002013	0.049544	0.001865
SPEC399	0.336	0.007029	0.003260	0.006718	0.002143	0.006026	0.000500	0.007645	0.000126	0.012105	0.000130	0.012553	0.000495	0.017442	0.000632	0.013746	0.001226	0.016016	0.000999	0.013327	0.002032	0.024728	0.002322
SPEC434	0.336	0.007029	0.003260	0.006718	0.002143	0.001905	0.000470	0.001915	0.000129	0.003921	0.000136	0.003333	0.000512	0.005352	0.000646	0.002872	0.001267	0.006412	0.001044	0.002944	0.002130	0.008092	0.002435
SPEC466	0.451	0.014764	0.004976	0.011480	0.003680	0.005205	0.000415	0.007576	0.000131	0.018736	0.000138	0.022693	0.000481	0.026828	0.000483	0.030561	0.001306	0.038929	0.001137	0.042415	0.002085	0.049154	0.002387
SPEC475	0.505	0.022429	0.004941	0.028265	0.003807	0.002930	0.000396	0.004733	0.000121	0.010834	0.000125	0.015853	0.000488	0.019217	0.000553	0.024206	0.001065	0.027171	0.001045	0.033565	0.001947	0.037134	0.002142
SPEC476	0.217	0.022429	0.004941	0.028265	0.003807	0.037474	0.000410	0.043276	0.000119	0.059313	0.000120	0.102280	0.000474	0.092978	0.000541	0.101095	0.001038	0.118119	0.001013	0.131442	0.001889	0.175879	0.002071
SPEC477	0.116	0.012655	0.003835	0.019123	0.003561	0.006457	0.000415	0.019532	0.000142	0.036305	0.000154	0.048984	0.000581	0.060056	0.000526	0.068470	0.001236	0.084256	0.001255	0.095640	0.002330	0.095668	0.002603
SPEC478	0.351	0.022429	0.004941	0.028265	0.003807	0.001914	0.000376	0.005059	0.000130	0.012571	0.000140	0.017586	0.000532	0.023564	0.000601	0.022431	0.001164	0.033029	0.001163	0.039678	0.002174	0.051763	0.002403
SPEC479	0.605	0.022429	0.004941	0.028265	0.003807	0.001691	0.000389	0.001877	0.000126	0.004889	0.000133	0.007999	0.000509	0.013238	0.000576	0.016323	0.001112	0.020178	0.001106	0.030573	0.002062	0.043444	0.002274
SPEC483	0.330	0.012655	0.003835	0.019123	0.003561	0.001816	0.000414	0.002391	0.000130	0.004626	0.000138	0.004680	0.000526	0.006456	0.000488	0.007006	0.000972	0.008031	0.001144	0.009021	0.002122	0.006043	0.001927
SPEC533	-0.000	0.045564	0.007316	0.075669	0.006422	0.000986	0.000489	0.004655	0.000130	0.008498	0.000135	0.011378	0.000524	0.012408	0.000674	0.016065	0.001218	0.014447	0.000976	0.014278	0.002066	0.011008	0.002282
SPEC558	0.505	0.022429	0.004941	0.028265	0.003807	0.002829	0.000373	0.003213	0.000131	0.006445	0.000142	0.007743	0.000543	0.009682	0.000607	0.012295	0.001179	0.012147	0.001178	0.010291	0.002198	0.011834	0.002434
SPEC563	0.105	0.017976	0.004669	0.019379	0.004106	0.022362	0.000413	0.078170	0.000172	0.167448	0.000203	0.238642	0.000736	0.324007	0.000799	0.396709	0.001566	0.490867	0.001602	0.586209	0.002998	0.591470	0.003352
SPEC609	0.168	0.008709	0.003317	0.009931	0.003031	0.003744	0.000394	0.006883	0.000120	0.009664	0.000126	0.011488	0.000494	0.012939	0.000568	0.014131	0.001132	0.016678	0.001017	0.017544	0.002162	0.019332	0.002152
SPEC612	0.721	0.008709	0.003317	0.009931	0.003031	0.002852	0.000395	0.002392	0.000119	0.004401	0.000125	0.006839	0.000494	0.010010	0.000563	0.009435	0.001126	0.011216	0.001010	0.013097	0.002147	0.018607	0.002135
SPEC613	0.773	0.008709	0.003317	0.009931	0.003031	0.002061	0.000401	0.002454	0.000123	0.004666	0.000130	0.008222	0.000511	0.011426	0.000578	0.016319	0.001159	0.020691	0.001046	0.021976	0.002227	0.033738	0.002216
SPEC644	0.436	0.011225	0.003901	0.020340	0.004299	0.001970	0.000390	0.001948	0.000116	0.005019	0.000123	0.008498	0.000544	0.010017	0.000690	0.011730	0.001253	0.017438	0.001000	0.018233	0.002104	0.023169	0.002363
SPEC647	0.105	0.006476	0.003085	0.005489	0.002234	0.008193	0.000472	0.015361	0.000118	0.019583	0.000121	0.023830	0.000467	0.025420	0.000376	0.027858	0.000930	0.027926	0.000741	0.029992	0.001658	0.029959	0.001861
SPEC651	0.520	0.006476	0.003085	0.005489	0.002234	0.001957	0.000450	0.001710	0.000120	0.004632	0.000126	0.006811	0.000482	0.008433	0.000389	0.009430	0.000765	0.011470	0.000629	0.015009	0.001427	0.015385	0.001569
SPEC653	0.273	0.007852	0.003269	0.006080	0.002273	0.007209	0.000457	0.012070	0.000130	0.021626	0.000140	0.026560	0.000534	0.034179	0.000448	0.033696	0.000995	0.042490	0.000816	0.042459	0.001920	0.050333	0.002027
SPEC683	0.685	0.011159	0.003579	0.027838	0.004112	0.001475	0.000389	0.002660	0.000119	0.005673	0.000127	0.010476	0.000497	0.011921	0.000489	0.012801	0.001274	0.019562	0.001032	0.021524	0.002172	0.034569	0.002403
SPEC684	0.493	0.011159	0.003579	0.027838	0.004112	0.001434	0.000427	0.002283	0.000108	0.006946	0.000108	0.010553	0.000437	0.013376	0.000647	0.017330	0.001134	0.018619	0.000889	0.023266	0.001867	0.028382	0.002075
SPEC726	0.538	0.016322	0.004639	0.018455	0.003645	0.000635	0.000447	0.000676	0.000131	0.004996	0.000137	0.010250	0.000525	0.013854	0.000468	0.018322	0.000959	0.028383	0.000779	0.039078	0.001772	0.050880	0.001942
SPEC732	0.162	0.015692	0.004626	0.010869	0.002843	0.019990	0.000318	0.034286	0.000121	0.046400	0.000131	0.053601	0.000498	0.060146	0.000490	0.063855	0.001004	0.067916	0.000825	0.076684	0.001872	0.074121	0.002064
SPEC733	0.196	0.011013	0.003888	0.007556	0.002762	0.006085	0.000458	0.014161	0.000118	0.028048	0.000122	0.039532	0.000524	0.048965	0.000382	0.057612	0.000939	0.073865	0.000763	0.094991	0.001784	0.090527	0.001902
SPEC734	0.230	0.055610	0.007888	0.921759	0.019398	0.005131	0.000423	0.012202	0.000125	0.026020	0.000114	0.036239	0.000495	0.047212	0.000365	0.053527	0.000900	0.070059	0.000723	0.088349	0.001687	0.085755	0.001807
SPEC735	0.362	0.022658	0.005798	0.030879	0.008456	0.001204	0.000374	0.011294	0.000127	0.046819	0.000133	0.073687	0.000515	0.103040	0.000380	0.126189	0.000939	0.157608	0.000760	0.218320	0.001754	0.232103	0.001904
SPEC736	0.558	0.055610	0.007888	0.921759	0.019398	0.001954	0.000446	0.002162	0.000138	0.004510	0.000130	0.004377	0.000495	0.007443	0.000402	0.009944	0.000822	0.010314	0.000682	0.007103	0.001572	0.011187	0.001665
SPEC737	0.520	0.011013	0.003888	0.007556	0.002762	0.001446	0.000444	0.002470	0.000121	0.007068	0.000126	0.011917	0.000486	0.017407	0.000391	0.025460	0.000799	0.030801	0.000659	0.042344	0.001534	0.049136	0.001586
