      id  redshift  galex.FUV          galex.FUV_err  galex.NUV          galex.NUV_err   sdss.up             sdss.up_err   sdss.gp             sdss.gp_err   sdss.rp             sdss.rp_err   sdss.ip            sdss.ip_err  vista.vircam.Z     vista.vircam.Z_err  vista.vircam.Y     vista.vircam.Y_err  vista.vircam.J     vista.vircam.J_err  vista.vircam.H     vista.vircam.H_err  vista.vircam.Ks    vista.vircam.Ks_err 
  SPEC37     0.689   0.035667    0.00734248410893752   0.039361    0.00605568222498506  0.001077   0.0005310360533899745  0.001678  0.00021725754302210086  0.005816   0.0005996453618598247  0.013099  0.0014226253934188017        0.020941   0.002210867659992339        0.024253  0.0027414164386316796        0.037624   0.003903492507998446        0.046794   0.005175452188939629         0.055359   0.006025826815466903 
  SPEC59      0.89   0.035667    0.00734248410893752   0.039361    0.00605568222498506  0.001672  0.00048662597546781245  0.002942   0.0003177320254554143  0.003866   0.0004066147562496964  0.003633  0.0006458660000340627        0.004988  0.0008497914097000511        0.007534  0.0014483716926258952        0.010323  0.0014372345981084648        0.010146  0.0023484754969979997         0.003023  0.0023247387573660833 
  SPEC83     0.628   0.045564    0.00861885357573732   0.075669   0.009924719623747564  0.001386   0.0004394302675055509   0.00094   0.0001596151621870554  0.001505  0.00019248441495352297  0.002584  0.0005752969320272793        0.001078  0.0006756551191251347        0.002502  0.0012336385370115511        0.002808  0.0010040640617012442        0.002267  0.0020505698939563117         0.000846   0.002263581489586801 
 SPEC110     0.797   0.055183   0.009497606798030755   0.086662    0.01063996952251274  0.001337   0.0004141735022910085  0.000884  0.00014268342580692407   0.00139  0.00018104419349981925  0.001582  0.0005425755615580194        0.003244  0.0007417036874655538        0.003897  0.0012521845271364761        0.003296   0.001003663369860632        0.002813   0.002033550021514101         0.005435   0.002237997598300767 
 SPEC112     0.837   0.054916   0.009736491696704723   0.037847   0.005825804244050773  0.000789  0.00047756278121310924  0.001028  0.00016339167665459583  0.001781   0.0002315677222757956  0.002581  0.0005724828469046038        0.004453  0.0007731210060527395        0.002476   0.001266439797226856        0.005327  0.0011392182802255238        0.003911   0.002070277326833292         0.007298   0.002442574264991753 
 SPEC128     0.186   0.055183   0.009497606798030755   0.086662    0.01063996952251274  0.001031  0.00046068493572071575  0.001393  0.00020617587152719884  0.002562   0.0002924370701535631  0.004386  0.0007058179368647414        0.005416  0.0008850596364087564        0.005635   0.001382091259649666        0.008344   0.001317810062186505        0.003204  0.0021955045342699703          0.00636  0.0024046324043395903 
 SPEC156     0.183   0.045564    0.00861885357573732   0.075669   0.009924719623747564  0.001589   0.0005475629735473355  0.002778   0.0003042184083845026  0.004627  0.00047902744180265916  0.005419  0.0007305857992049941        0.005148  0.0008236917141746662        0.006747   0.001327278829033297        0.005883  0.0010727096018960584        0.007328  0.0020308204844348013         0.001925  0.0021177670433737516 
 SPEC182     0.447   0.035667    0.00734248410893752   0.039361    0.00605568222498506  0.000652   0.0005508720722636064   0.00303   0.0003321219655488026  0.015144   0.0015212308700522743  0.027555   0.002829301017919444        0.041791  0.0042398233229699565        0.050561   0.005215115646848113         0.06961     0.0070367905326221        0.100342   0.010272116317487843         0.120906   0.012318583090599342 
 SPEC184     0.074   0.035667    0.00734248410893752   0.039361    0.00605568222498506  0.001672  0.00048662597546781245  0.002942   0.0003177320254554143  0.003866   0.0004066147562496964  0.003633  0.0006458660000340627        0.004988  0.0008497914097000511        0.007534  0.0014483716926258952        0.010323  0.0014372345981084648        0.010146  0.0023484754969979997         0.003023  0.0023247387573660833 
 SPEC242     0.075   0.024597   0.006225518861107081   0.012646  0.0032307804258414094  0.012007   0.0013531653594442922  0.032317    0.003237759856752814   0.04609    0.004614200039010013  0.058712  0.0059247796954823555        0.065942   0.006645235709890208         0.07596   0.007777410623080153        0.073511   0.007483975361397178        0.083698    0.00885600293812056         0.077131   0.008403221799405274 
 SPEC274     0.183   0.045564    0.00861885357573732   0.075669   0.009924719623747564  0.001589   0.0005475629735473355  0.002778   0.0003042184083845026  0.004627  0.00047902744180265916  0.005419  0.0007305857992049941        0.005148  0.0008236917141746662        0.006747   0.001327278829033297        0.005883  0.0010727096018960584        0.007328  0.0020308204844348013         0.001925  0.0021177670433737516 
 SPEC279     0.719   0.035667    0.00734248410893752   0.039361    0.00605568222498506  0.000926   0.0005281806130482261  0.001911  0.00023748728387010536   0.00417  0.00044349746335238494  0.007826  0.0010269799219069476        0.009393  0.0011871648958758846        0.013889   0.001913347644836139        0.018282  0.0021213418489248737        0.016757  0.0028384241208811627          0.02549  0.0035452358172623722 
 SPEC313     0.559   0.024597   0.006225518861107081   0.012646  0.0032307804258414094  0.000942  0.00047738625870462586  0.001482  0.00019582451327655588  0.003474  0.00037127854772394276  0.005848  0.0007681113460950827        0.007427  0.0009810628369273805        0.009266   0.001564834994496225        0.010348  0.0014487950303614379        0.009659  0.0022697750571367198          0.01431   0.002792519471731576 
 SPEC329      0.43   0.005638   0.002694641987351938   0.011241     0.0038660317911264  0.000536  0.00046211898900607834  0.000438  0.00012305868518719027  0.001323  0.00017727743793274992  0.001678  0.0004877712988686399        0.002688  0.0005276072781908907        0.003641   0.000960671541162743        0.005292  0.0008775264326503219        0.006798  0.0018076927393780172         0.007213   0.001861432160998622 
 SPEC344     0.518   0.008491   0.003544213849360673   0.004115  0.0018357160047240424  0.001313   0.0005159851645154151  0.001163  0.00017517616847048575  0.002117  0.00025162052777943217  0.002197   0.000564506944155694         0.00249  0.0005108003523882887        0.002037  0.0008857413222832048        0.004612  0.0009381867831087795        0.001276  0.0019092686453194584         0.003164  0.0017547606560440088 
 SPEC388     0.415   0.028667   0.006923378719238173   0.027643   0.004834305585086652  0.005108   0.0006887384409193377  0.009978   0.0010064933382789975  0.018139   0.0018193719273419606  0.022208  0.0022806388666336457        0.026126  0.0026536585613073887        0.029307  0.0030654858489316174        0.033946   0.003499644290495821        0.043284   0.004773595663648106         0.049544  0.0052937986701422635 
 SPEC399     0.336   0.007029  0.0033349165521793793   0.006718  0.0022458326384661885  0.006026   0.0007830241120169927  0.007645    0.000774813687282304  0.012105   0.0012174605743103142  0.012553  0.0013493713684527326        0.017442  0.0018551705150740188        0.013746  0.0018419015065958332        0.016016   0.001887623786669367        0.013327   0.002430043886434975         0.024728  0.0033921120028678298 
 SPEC434     0.336   0.007029  0.0033349165521793793   0.006718  0.0022458326384661885  0.001905   0.0005071392806714936  0.001915   0.0002308966218895374  0.003921  0.00041501615631201643  0.003333  0.0006109278926354566        0.005352  0.0008389010907133212        0.002872  0.0012991431175971336        0.006412  0.0012251830230622688        0.002944   0.002150249139053426         0.008092   0.002565936406070891 
 SPEC466     0.451   0.014764   0.005190407783594657    0.01148  0.0038549064839500323  0.005205   0.0006656915577052183  0.007576   0.0007688424806161534  0.018736    0.001878675320538384  0.022693  0.0023197162520446333        0.026828  0.0027259319213802833        0.030561   0.003323459524351094        0.038929   0.004055544280364844        0.042415   0.004726261445370961         0.049154   0.005464332178775372 
 SPEC475     0.505   0.022429   0.005426240080387155   0.028265   0.004741555783706441   0.00293    0.000492610393719012  0.004733   0.0004885221489349281  0.010834   0.0010905872546476967  0.015853  0.0016587103695341148        0.019217    0.00199968494768551        0.024206   0.002644528192324673        0.027171  0.0029111264847134347        0.033565  0.0038803223126436287         0.037134  0.0042868990610929955 
 SPEC476     0.217   0.022429   0.005426240080387155   0.028265   0.004741555783706441  0.037474   0.0037697621622590463  0.043276    0.004329235817092897  0.059313    0.005932513774952402   0.10228   0.010238977488011194        0.092978   0.009313525961739733        0.101095   0.010162648977997814        0.118119    0.01185525835273108        0.131442   0.013279243752563626         0.175879   0.017709411831283387 
 SPEC477     0.116   0.012655   0.004038405037883149   0.019123    0.00404198123325678  0.006457   0.0007675633459200616  0.019532     0.00195835498314274  0.036305    0.003633764748852077  0.048984  0.0049327359102226435        0.060056   0.006028590827050713         0.06847   0.006957665197463873        0.084256   0.008518553889011914         0.09564   0.009843728765056462         0.095668   0.009914598894559477 
 SPEC478     0.351   0.022429   0.005426240080387155   0.028265   0.004741555783706441  0.001914   0.0004219122657614969  0.005059   0.0005223359168198182  0.012571   0.0012648716970507325  0.017586  0.0018373072579185008        0.023564   0.002431835101317522        0.022431  0.0025271314983593553        0.033029   0.003501673515620781        0.039678   0.004524346675488075         0.051763    0.00570688099490431 
 SPEC479     0.605   0.022429   0.005426240080387155   0.028265   0.004741555783706441  0.001691   0.0004241648382409839  0.001877  0.00022606921506476728  0.004889   0.0005066677510953307  0.007999  0.0009481144498424228        0.013238  0.0014436836357041662        0.016323  0.0019750815907197353        0.020178  0.0023010329941137307        0.030573  0.0036876723403794975         0.043444   0.004903558642455498 
 SPEC483      0.33   0.012655   0.004038405037883149   0.019123    0.00404198123325678  0.001816   0.0004520780463592542  0.002391  0.00027215585608250285  0.004626  0.00048274502586769343   0.00468  0.0007040596565632774        0.006456  0.0008092857097465641        0.007006  0.0011981754295594615        0.008031  0.0013977501958504603        0.009021  0.0023057901921033496         0.006043  0.0020195315026015313 
 SPEC533      -0.0   0.045564    0.00861885357573732   0.075669   0.009924719623747564  0.000986    0.000498841618151493  0.004655   0.0004833117523917663  0.008498   0.0008604562975538039  0.011378  0.0012526630991611433        0.012408  0.0014120413025120763        0.016065  0.0020160273435645658        0.014447  0.0017434833208264428        0.014278   0.002511367922069564         0.011008  0.0025336307228955054 
 SPEC558     0.505   0.022429   0.005426240080387155   0.028265   0.004741555783706441  0.002829  0.00046814678253727214  0.003213   0.0003469793797907882  0.006445   0.0006599577638000784  0.007743  0.0009457216768161762        0.009682  0.0011427424206705552        0.012295  0.0017034410027940506        0.012147   0.001692093404632262        0.010291   0.002426983891582307         0.011834   0.002706435212599777 
 SPEC563     0.105   0.017976   0.005003091720126666   0.019379    0.00454034056101522  0.022362   0.0022740183464519366   0.07817    0.007818892057062817  0.167448    0.016746030456200656  0.238642    0.02387554685530784        0.324007    0.03241055015716333        0.396709   0.039701796720173765        0.490867    0.04911283458414919        0.586209    0.05869751204957498          0.59147     0.0592419067299492 
 SPEC609     0.168   0.008709   0.003429424996992936   0.009931   0.003189546771878412  0.003744   0.0005435175802124527  0.006883   0.0006986822525297177  0.009664    0.000974579375936101  0.011488  0.0012505108716040815        0.012939  0.0014130821667546443        0.014131  0.0018106008974923214        0.016678  0.0019534190129104406        0.017544   0.002784270705229648         0.019332  0.0028928128594846916 
 SPEC612     0.721   0.008709   0.003429424996992936   0.009931   0.003189546771878412  0.002852  0.00048720020525447235  0.002392  0.00026716594094307756  0.004401   0.0004575073879184904  0.006839  0.0008436558599334208         0.01001   0.001148464191866686        0.009435  0.0014690365039712254        0.011216  0.0015093331507655958        0.013097  0.0025149399774149683         0.018607  0.0028320362797817403 
 SPEC613     0.773   0.008709   0.003429424996992936   0.009931   0.003189546771878412  0.002061   0.0004508638486283858  0.002454  0.00027449983606552485  0.004666   0.0004843713038568656  0.008222  0.0009680567338746217        0.011426  0.0012804759896226092        0.016319    0.00200159401727723        0.020691  0.0023184673407231774        0.021976   0.003128733731080355         0.033738   0.004036481443039221 
 SPEC644     0.436   0.011225   0.004059286544455811    0.02034   0.004755897076262269   0.00197   0.0004369313447213418  0.001948  0.00022672238530855308  0.005019   0.0005167519811282778  0.008498  0.0010090074528961617        0.010017   0.001216348177949061         0.01173  0.0017163735024754957        0.017438  0.0020101836831493782        0.018233   0.002784104683735868         0.023169   0.003309349575067584 
 SPEC647     0.105   0.006476   0.003152239007435826   0.005489  0.0023004450026027573  0.008193   0.0009455350284362817  0.015361   0.0015406255904664183  0.019583   0.0019620346301734842   0.02383  0.0024283282315206074         0.02542  0.0025696575647350373        0.027858  0.0029369340544179745        0.027926  0.0028892379202827864        0.029992   0.003426976019758528         0.029959  0.0035268594825992147 
 SPEC651      0.52   0.006476   0.003152239007435826   0.005489  0.0023004450026027573  0.001957   0.0004907122272778619   0.00171  0.00020890428430264422  0.004632  0.00048003149896647405  0.006811  0.0008343987116480946        0.008433  0.0009286958005719633         0.00943  0.0012142792100666138         0.01147   0.001308147545195113        0.015009   0.002070997298404805         0.015385   0.002197440158457108 
 SPEC653     0.273   0.007852   0.003361978590056754    0.00608  0.0023529116005494128  0.007209   0.0008535489499729937   0.01207   0.0012139806423497866  0.021626    0.002167126844464809   0.02656   0.002709149682095842        0.034179   0.003447135681982942        0.033696  0.0035134355209680453         0.04249  0.0043266450050818825        0.042459  0.0046598354917314405         0.050333  0.0054261254952313815 
 SPEC683     0.685   0.011159   0.003748929688591132   0.027838   0.004965690932790723  0.001475  0.00041602554008137534   0.00266  0.00029140521615098107  0.005673   0.0005813418013526983  0.010476  0.0011595148813189073        0.011921   0.001288496569650071        0.012801  0.0018060265806460326        0.019562   0.002211728382962067        0.021524  0.0030578439724747238         0.034569   0.004210055416499883 
 SPEC684     0.493   0.011159   0.003748929688591132   0.027838   0.004965690932790723  0.001434   0.0004504359665923671  0.002283   0.0002525567065037078  0.006946   0.0007029460576744136  0.010553  0.0011422027359448935        0.013376   0.001485860949079691         0.01733  0.0020710492509836654        0.018619   0.002063248072821104        0.023266  0.0029830783697382137         0.028382  0.0035158219863923716 
 SPEC726     0.538   0.016322  0.0049177634998035435   0.018455   0.004085571594036751  0.000635  0.00045148781821883083  0.000676  0.00014741356789658137  0.004996   0.0005180435888996215   0.01025  0.0011516292806281023        0.013854   0.001462312264873683        0.018322  0.0020680033462255327        0.028383  0.0029432614375892604        0.039078   0.004290790701024696          0.05088   0.005446017627588072 
 SPEC732     0.162   0.015692   0.004884901702183986   0.010869  0.0030436820809670645   0.01999   0.0020241356179861074  0.034286    0.003430734463638945    0.0464    0.004641848877333255  0.053601   0.005383184560276566        0.060146   0.006034526755264244        0.063855   0.006463948193635218        0.067916   0.006841524359380738        0.076684   0.007893588699698003         0.074121   0.007694109591759141 
 SPEC733     0.196   0.011013   0.004040965935268448   0.007556   0.002863490066335136  0.006085   0.0007616011095054945  0.014161   0.0014210078148975817  0.028048    0.002807452054799868  0.039532  0.0039877771051050484        0.048965   0.004911378243426178        0.057612  0.0058372207804742145        0.073865    0.00742580307104895        0.094991   0.009665172363181115         0.090527    0.00925035033336576 
 SPEC734      0.23    0.05561     0.0096511794615995   0.921759     0.0941948987196759  0.005131    0.000664981661401275  0.012202   0.0012265859285023615   0.02602    0.002604496112494699  0.036239   0.003657550575180062        0.047212   0.004735288210869534        0.053527  0.0054278354147855295        0.070059   0.007043107539289742        0.088349   0.008994522055673663         0.085755   0.008763814765842554 
 SPEC735     0.362   0.022658   0.006225002300401182   0.030879    0.00900216987231412  0.001204  0.00039290222702346696  0.011294    0.001136518086085743  0.046819    0.004683788702535587  0.073687   0.007386674806027406         0.10304   0.010311004606729648        0.126189   0.012653788294815116        0.157608   0.015779113303351366         0.21832   0.021902345536494488         0.232103   0.023288264042001933 
 SPEC736     0.558    0.05561     0.0096511794615995   0.921759     0.0941948987196759  0.001954   0.0004869262367135293  0.002162  0.00025648867421389194   0.00451   0.0004693623333843482  0.004377  0.0006607619011414021        0.007443  0.0008459234539838696        0.009944  0.0012901609822033838        0.010314  0.0012364909866230324        0.007103  0.0017250246635917993         0.011187  0.0020059199111629555 
 SPEC737      0.52   0.011013   0.004040965935268448   0.007556   0.002863490066335136  0.001446   0.0004669530597394132   0.00247  0.00027504545078950134  0.007068   0.0007179430618092218  0.011917  0.0012869906332215477        0.017407   0.001784073286050772         0.02546   0.002668429688037517        0.030801   0.003149809043418347        0.042344   0.004503698409085582         0.049136   0.005163221955329831 
